25774
25753
25747
25735
25734
25726
25552
25510
25481
25473
25467
25452
25441
25440
25439
25438
25437
25417
25415
25414
25409
25408
25406
25381
25379
25376
25364
25363
25362
25358
25353
25352
25351
25350
25348
25346
25345
25344
25337
25328
25327
25295
25286
25283
25280
25279
25276
25275
25273
25272
25271
25269
25264
25257
25224
25223
25221
25218
25212
25096
24307
24306
24299
24296
24295
24294
24289
24287
24283
24281
24280
24266
24265
24261
24256
24254
24253
24252
24226
24225
24220
22082
21904
21711
21697
21694
21693
21687
21686
21665
21656
21650
21648
21644
21638
21637
21636
21630
21629
21628
21627
21625
21599
21598
21595
21592
21562
21550
21535
21517
21508
21502
21496
21490
21481
21478
21472
21469
21466
21463
21454
21448
21439
21427
21421
21418
21415
21412
21406
21403
21388
21382
21376
21370
21367
21364
21358
21355
21349
21346
21340
21339
21337
21334
21319
21318
21310
21301
21292
21280
21271
21265
21256
21253
21244
21232
21229
21226
21223
21220
21211
21210
21205
21202
21196
21178
21169
21166
21163
21154
21148
21142
21130
21127
21124
21118
21115
21112
21103
21100
21097
21094
21091
21085
21082
21079
21067
21064
21061
21052
21040
21037
21028
21025
21019
21016
21010
21007
21004
21001
20995
20970
20965
20964
20957
20952
20951
20950
20941
20934
20933
20913
20888
20884
20880
20877
20874
20865
20858
20844
20842
20839
20830
20816
20809
20781
20779
20775
20773
20761
20759
20756
20754
20752
20728
20726
20721
20712
20691
20682
20676
20667
20664
20658
20652
20625
20622
20616
20613
20601
20595
20589
20583
20574
20517
20513
20511
20490
20442
20436
20430
20403
20388
20379
20373
20358
20355
20343
20337
20325
20322
20313
20310
20307
20301
20289
20286
20277
20262
20259
20253
20250
20247
20241
20232
20226
20205
20196
20175
20166
20157
20154
20139
20109
20100
20097
20094
20070
20067
20031
20025
20022
20004
20001
20000
13611
13501
13410
11005
11004
11002
